mean: 36.563353
var: 18447.762560