
img_size =

   216   256    16     1

Training UNet...
[Warning: MATLAB has disabled some advanced graphics rendering features by switching to software OpenGL. For more information, click <a href="matlab:opengl('problems')">here</a>.] 
Initializing input data normalization.
|======================================================================================================================|
|  Epoch  |  Iteration  |  Time Elapsed  |  Mini-batch  |  Validation  |  Mini-batch  |  Validation  |  Base Learning  |
|         |             |   (hh:mm:ss)   |   Accuracy   |   Accuracy   |     Loss     |     Loss     |      Rate       |
|======================================================================================================================|
|       1 |           1 |       00:00:10 |       48.78% |       47.16% |       0.8922 |       0.8712 |          0.0500 |
|       1 |          20 |       00:00:51 |       84.28% |              |       0.6848 |              |          0.0500 |
|       1 |          40 |       00:01:32 |       94.97% |              |       0.4565 |              |          0.0500 |
|       2 |          60 |       00:02:15 |       94.74% |              |       0.5342 |              |          0.0500 |
|       2 |          80 |       00:02:57 |       98.06% |              |       0.2182 |              |          0.0500 |
|       3 |         100 |       00:03:46 |       96.68% |       96.69% |       0.3928 |       0.3932 |          0.0500 |
|       3 |         120 |       00:04:29 |       96.28% |              |       0.4355 |              |          0.0500 |
|       4 |         140 |       00:05:12 |       97.35% |              |       0.2869 |              |          0.0500 |
|       4 |         160 |       00:05:54 |       98.39% |              |       0.2159 |              |          0.0500 |
|       5 |         180 |       00:06:38 |       97.94% |              |       0.2197 |              |          0.0500 |
|       5 |         200 |       00:07:26 |       98.20% |       97.71% |       0.1575 |       0.2576 |          0.0500 |
|       6 |         220 |       00:08:09 |       98.33% |              |       0.1776 |              |          0.0500 |
|       6 |         240 |       00:08:52 |       97.86% |              |       0.1711 |              |          0.0500 |
|       7 |         260 |       00:09:36 |       98.25% |              |       0.2129 |              |          0.0500 |
|       7 |         280 |       00:10:18 |       98.77% |              |       0.1571 |              |          0.0500 |
|       8 |         300 |       00:11:07 |       98.45% |       98.17% |       0.1783 |       0.2136 |          0.0500 |
|       8 |         320 |       00:11:50 |       98.57% |              |       0.1587 |              |          0.0500 |
|       9 |         340 |       00:12:34 |       98.67% |              |       0.1387 |              |          0.0500 |
|       9 |         360 |       00:13:16 |       98.53% |              |       0.1480 |              |          0.0500 |
|      10 |         380 |       00:14:00 |       98.30% |              |       0.1578 |              |          0.0500 |
|      10 |         400 |       00:14:48 |       98.87% |       98.29% |       0.1406 |       0.2070 |          0.0500 |
|      11 |         420 |       00:15:32 |       97.91% |              |       0.2035 |              |          0.0050 |
|      11 |         440 |       00:16:15 |       98.94% |              |       0.1395 |              |          0.0050 |
|      12 |         460 |       00:16:58 |       98.51% |              |       0.1555 |              |          0.0050 |
|      12 |         480 |       00:17:41 |       99.11% |              |       0.1102 |              |          0.0050 |
|      13 |         500 |       00:18:30 |       98.47% |       98.46% |       0.1573 |       0.1909 |          0.0050 |
|      13 |         520 |       00:19:13 |       99.16% |              |       0.0897 |              |          0.0050 |
|      14 |         540 |       00:19:57 |       99.02% |              |       0.1126 |              |          0.0050 |
|      14 |         560 |       00:20:39 |       99.11% |              |       0.0872 |              |          0.0050 |
|      15 |         580 |       00:21:23 |       98.83% |              |       0.1061 |              |          0.0050 |
|      15 |         600 |       00:22:12 |       98.23% |       98.53% |       0.2957 |       0.1767 |          0.0050 |
|      16 |         620 |       00:22:55 |       99.19% |              |       0.1061 |              |          0.0050 |
|      16 |         640 |       00:23:38 |       98.86% |              |       0.1463 |              |          0.0050 |
|      17 |         660 |       00:24:22 |       99.04% |              |       0.1157 |              |          0.0050 |
|      17 |         680 |       00:25:04 |       98.15% |              |       0.1568 |              |          0.0050 |
|      18 |         700 |       00:25:53 |       98.78% |       98.56% |       0.1159 |       0.1775 |          0.0050 |
|      18 |         720 |       00:26:36 |       98.99% |              |       0.1009 |              |          0.0050 |
|      19 |         740 |       00:27:20 |       99.16% |              |       0.1344 |              |          0.0050 |
|      19 |         760 |       00:28:02 |       98.91% |              |       0.1395 |              |          0.0050 |
|      20 |         780 |       00:28:46 |       98.96% |              |       0.1222 |              |          0.0050 |
|      20 |         800 |       00:29:34 |       98.77% |       98.60% |       0.1037 |       0.1642 |          0.0050 |
|      21 |         820 |       00:30:19 |       98.06% |              |       0.2220 |              |          0.0005 |
|      21 |         840 |       00:31:01 |       98.38% |              |       0.1304 |              |          0.0005 |
|      22 |         860 |       00:31:45 |       99.03% |              |       0.0833 |              |          0.0005 |
|      22 |         880 |       00:32:27 |       98.70% |              |       0.1138 |              |          0.0005 |
|      23 |         900 |       00:33:17 |       99.12% |       98.60% |       0.0797 |       0.1659 |          0.0005 |
|      23 |         920 |       00:34:00 |       98.30% |              |       0.1627 |              |          0.0005 |
|      24 |         940 |       00:34:43 |       98.58% |              |       0.1223 |              |          0.0005 |
|      24 |         960 |       00:35:26 |       98.62% |              |       0.1458 |              |          0.0005 |
|      25 |         980 |       00:36:10 |       98.98% |              |       0.0877 |              |          0.0005 |
|      25 |        1000 |       00:36:58 |       99.10% |       98.68% |       0.0917 |       0.1526 |          0.0005 |
|      26 |        1020 |       00:37:42 |       98.71% |              |       0.1246 |              |          0.0005 |
|      26 |        1040 |       00:38:25 |       99.09% |              |       0.1035 |              |          0.0005 |
|      27 |        1060 |       00:39:08 |       99.14% |              |       0.0801 |              |          0.0005 |
|      27 |        1080 |       00:39:51 |       98.54% |              |       0.1240 |              |          0.0005 |
|      28 |        1100 |       00:40:40 |       98.86% |       98.62% |       0.1119 |       0.1719 |          0.0005 |
|      28 |        1120 |       00:41:23 |       98.52% |              |       0.1928 |              |          0.0005 |
|      29 |        1140 |       00:42:07 |       98.98% |              |       0.1122 |              |          0.0005 |
|      29 |        1160 |       00:42:50 |       98.91% |              |       0.1321 |              |          0.0005 |
