
img_size =

   216   256    16     1

Training UNet...
[Warning: MATLAB has disabled some advanced graphics rendering features by switching to software OpenGL. For more information, click <a href="matlab:opengl('problems')">here</a>.] 
Initializing input data normalization.
|======================================================================================================================|
|  Epoch  |  Iteration  |  Time Elapsed  |  Mini-batch  |  Validation  |  Mini-batch  |  Validation  |  Base Learning  |
|         |             |   (hh:mm:ss)   |   Accuracy   |   Accuracy   |     Loss     |     Loss     |      Rate       |
|======================================================================================================================|
|       1 |           1 |       00:00:11 |       94.02% |       93.62% |       0.8730 |       0.8291 |          0.0500 |
|       1 |          20 |       00:00:53 |       94.22% |              |       0.5587 |              |          0.0500 |
|       1 |          40 |       00:01:37 |       94.60% |              |       0.5681 |              |          0.0500 |
|       2 |          60 |       00:02:23 |       95.94% |              |       0.4527 |              |          0.0500 |
|       2 |          80 |       00:03:08 |       97.69% |              |       0.2031 |              |          0.0500 |
|       3 |         100 |       00:04:00 |       98.80% |       97.81% |       0.1796 |       0.2609 |          0.0500 |
|       3 |         120 |       00:04:45 |       97.95% |              |       0.1748 |              |          0.0500 |
|       4 |         140 |       00:05:31 |       98.38% |              |       0.1819 |              |          0.0500 |
|       4 |         160 |       00:06:16 |       99.03% |              |       0.1124 |              |          0.0500 |
|       5 |         180 |       00:07:03 |       98.08% |              |       0.1930 |              |          0.0500 |
|       5 |         200 |       00:07:54 |       98.24% |       98.39% |       0.2354 |       0.1888 |          0.0500 |
|       6 |         220 |       00:08:40 |       97.75% |              |       0.2396 |              |          0.0500 |
|       6 |         240 |       00:09:25 |       98.93% |              |       0.1032 |              |          0.0500 |
|       7 |         260 |       00:10:12 |       98.95% |              |       0.1273 |              |          0.0500 |
|       7 |         280 |       00:10:57 |       99.01% |              |       0.1043 |              |          0.0500 |
|       8 |         300 |       00:11:49 |       99.16% |       98.75% |       0.0703 |       0.1725 |          0.0500 |
|       8 |         320 |       00:12:34 |       99.06% |              |       0.0915 |              |          0.0500 |
|       9 |         340 |       00:13:21 |       98.95% |              |       0.1018 |              |          0.0500 |
|       9 |         360 |       00:14:06 |       98.65% |              |       0.1242 |              |          0.0500 |
|      10 |         380 |       00:14:52 |       99.13% |              |       0.1052 |              |          0.0500 |
|      10 |         400 |       00:15:43 |       99.09% |       98.84% |       0.1055 |       0.1520 |          0.0500 |
|      11 |         420 |       00:16:30 |       98.95% |              |       0.1001 |              |          0.0050 |
|      11 |         440 |       00:17:15 |       99.27% |              |       0.0755 |              |          0.0050 |
|      12 |         460 |       00:18:02 |       99.17% |              |       0.0979 |              |          0.0050 |
|      12 |         480 |       00:18:47 |       99.12% |              |       0.1028 |              |          0.0050 |
|      13 |         500 |       00:19:39 |       99.37% |       98.92% |       0.0623 |       0.1397 |          0.0050 |
|      13 |         520 |       00:20:25 |       99.26% |              |       0.0633 |              |          0.0050 |
|      14 |         540 |       00:21:11 |       99.31% |              |       0.0809 |              |          0.0050 |
|      14 |         560 |       00:21:56 |       99.34% |              |       0.0638 |              |          0.0050 |
|      15 |         580 |       00:22:42 |       98.87% |              |       0.1172 |              |          0.0050 |
|      15 |         600 |       00:23:33 |       99.18% |       98.94% |       0.0989 |       0.1363 |          0.0050 |
|      16 |         620 |       00:24:20 |       99.36% |              |       0.0650 |              |          0.0050 |
|      16 |         640 |       00:25:05 |       99.41% |              |       0.0518 |              |          0.0050 |
|      17 |         660 |       00:25:51 |       99.21% |              |       0.0788 |              |          0.0050 |
|      17 |         680 |       00:26:36 |       99.12% |              |       0.1032 |              |          0.0050 |
|      18 |         700 |       00:27:29 |       99.30% |       98.90% |       0.0541 |       0.1381 |          0.0050 |
|      18 |         720 |       00:28:14 |       99.28% |              |       0.0861 |              |          0.0050 |
|      19 |         740 |       00:29:01 |       99.16% |              |       0.0958 |              |          0.0050 |
|      19 |         760 |       00:29:46 |       99.39% |              |       0.0568 |              |          0.0050 |
|      20 |         780 |       00:30:32 |       98.89% |              |       0.0972 |              |          0.0050 |
|      20 |         800 |       00:31:23 |       99.05% |       98.90% |       0.0692 |       0.1399 |          0.0050 |
|      21 |         820 |       00:32:10 |       99.34% |              |       0.0617 |              |          0.0005 |
|      21 |         840 |       00:32:55 |       99.48% |              |       0.0504 |              |          0.0005 |
|      22 |         860 |       00:33:41 |       99.19% |              |       0.0896 |              |          0.0005 |
|      22 |         880 |       00:34:26 |       99.48% |              |       0.0545 |              |          0.0005 |
|      23 |         900 |       00:35:19 |       99.26% |       98.92% |       0.0825 |       0.1372 |          0.0005 |
|      23 |         920 |       00:36:04 |       99.28% |              |       0.0735 |              |          0.0005 |
|      24 |         940 |       00:36:51 |       99.41% |              |       0.0617 |              |          0.0005 |
|      24 |         960 |       00:37:35 |       99.40% |              |       0.0708 |              |          0.0005 |
|      25 |         980 |       00:38:22 |       99.24% |              |       0.0793 |              |          0.0005 |
|      25 |        1000 |       00:39:13 |       99.51% |       98.99% |       0.0533 |       0.1306 |          0.0005 |
|      26 |        1020 |       00:40:00 |       99.10% |              |       0.0936 |              |          0.0005 |
|      26 |        1040 |       00:40:45 |       99.32% |              |       0.0662 |              |          0.0005 |
|      27 |        1060 |       00:41:31 |       99.35% |              |       0.0634 |              |          0.0005 |
|      27 |        1080 |       00:42:16 |       99.29% |              |       0.0808 |              |          0.0005 |
|      28 |        1100 |       00:43:09 |       99.22% |       98.92% |       0.0593 |       0.1397 |          0.0005 |
|      28 |        1120 |       00:43:54 |       99.40% |              |       0.0513 |              |          0.0005 |
|      29 |        1140 |       00:44:40 |       99.36% |              |       0.0699 |              |          0.0005 |
|      29 |        1160 |       00:45:25 |       99.19% |              |       0.0793 |              |          0.0005 |
