
img_size =

   216   256    16     1

Training UNet...
[Warning: MATLAB has disabled some advanced graphics rendering features by switching to software OpenGL. For more information, click <a href="matlab:opengl('problems')">here</a>.] 
Initializing input data normalization.
|======================================================================================================================|
|  Epoch  |  Iteration  |  Time Elapsed  |  Mini-batch  |  Validation  |  Mini-batch  |  Validation  |  Base Learning  |
|         |             |   (hh:mm:ss)   |   Accuracy   |   Accuracy   |     Loss     |     Loss     |      Rate       |
|======================================================================================================================|
|       1 |           1 |       00:00:20 |       47.52% |       48.35% |       0.9520 |       0.9433 |          0.0500 |
|       1 |          20 |       00:01:04 |       77.42% |              |       0.8191 |              |          0.0500 |
|       1 |          40 |       00:01:48 |       92.68% |              |       0.7594 |              |          0.0500 |
|       2 |          60 |       00:02:34 |       94.18% |              |       0.7737 |              |          0.0500 |
|       2 |          80 |       00:03:18 |       93.36% |              |       0.6144 |              |          0.0500 |
|       3 |         100 |       00:04:11 |       96.00% |       95.70% |       0.5145 |       0.5649 |          0.0500 |
|       3 |         120 |       00:04:56 |       97.86% |              |       0.3430 |              |          0.0500 |
|       4 |         140 |       00:05:43 |       96.93% |              |       0.5446 |              |          0.0500 |
|       4 |         160 |       00:06:28 |       97.47% |              |       0.3958 |              |          0.0500 |
|       5 |         180 |       00:07:14 |       97.14% |              |       0.4623 |              |          0.0500 |
|       5 |         200 |       00:08:05 |       96.18% |       97.57% |       0.4550 |       0.3950 |          0.0500 |
|       6 |         220 |       00:08:53 |       97.80% |              |       0.2852 |              |          0.0500 |
|       6 |         240 |       00:09:37 |       98.30% |              |       0.2587 |              |          0.0500 |
|       7 |         260 |       00:10:24 |       98.23% |              |       0.2916 |              |          0.0500 |
|       7 |         280 |       00:11:09 |       97.87% |              |       0.3665 |              |          0.0500 |
|       8 |         300 |       00:12:02 |       97.70% |       98.00% |       0.2964 |       0.3402 |          0.0500 |
|       8 |         320 |       00:12:48 |       98.35% |              |       0.2600 |              |          0.0500 |
|       9 |         340 |       00:13:34 |       98.31% |              |       0.2541 |              |          0.0500 |
|       9 |         360 |       00:14:20 |       98.52% |              |       0.2528 |              |          0.0500 |
|      10 |         380 |       00:15:06 |       98.15% |              |       0.2627 |              |          0.0500 |
|      10 |         400 |       00:15:58 |       98.76% |       98.39% |       0.2039 |       0.2666 |          0.0500 |
|      11 |         420 |       00:16:45 |       98.33% |              |       0.2153 |              |          0.0050 |
|      11 |         440 |       00:17:30 |       98.85% |              |       0.1569 |              |          0.0050 |
|      12 |         460 |       00:18:17 |       98.81% |              |       0.2108 |              |          0.0050 |
|      12 |         480 |       00:19:02 |       98.20% |              |       0.2072 |              |          0.0050 |
|      13 |         500 |       00:19:56 |       98.90% |       98.57% |       0.2065 |       0.2508 |          0.0050 |
|      13 |         520 |       00:20:42 |       98.69% |              |       0.2211 |              |          0.0050 |
|      14 |         540 |       00:21:28 |       98.85% |              |       0.2743 |              |          0.0050 |
|      14 |         560 |       00:22:13 |       98.26% |              |       0.2659 |              |          0.0050 |
|      15 |         580 |       00:23:00 |       98.45% |              |       0.3584 |              |          0.0050 |
|      15 |         600 |       00:23:52 |       98.51% |       98.56% |       0.2679 |       0.2523 |          0.0050 |
|      16 |         620 |       00:24:39 |       98.69% |              |       0.1347 |              |          0.0050 |
|      16 |         640 |       00:25:24 |       98.58% |              |       0.2488 |              |          0.0050 |
|      17 |         660 |       00:26:11 |       98.75% |              |       0.1921 |              |          0.0050 |
|      17 |         680 |       00:26:56 |       98.71% |              |       0.2355 |              |          0.0050 |
|      18 |         700 |       00:27:49 |       98.84% |       98.56% |       0.1435 |       0.2519 |          0.0050 |
|      18 |         720 |       00:28:35 |       98.38% |              |       0.2048 |              |          0.0050 |
|      19 |         740 |       00:29:22 |       98.83% |              |       0.2001 |              |          0.0050 |
|      19 |         760 |       00:30:07 |       99.01% |              |       0.1959 |              |          0.0050 |
|      20 |         780 |       00:30:54 |       98.75% |              |       0.1856 |              |          0.0050 |
|      20 |         800 |       00:31:46 |       98.61% |       98.59% |       0.1731 |       0.2485 |          0.0050 |
|      21 |         820 |       00:32:33 |       98.73% |              |       0.2072 |              |          0.0005 |
|      21 |         840 |       00:33:19 |       99.12% |              |       0.1736 |              |          0.0005 |
|      22 |         860 |       00:34:06 |       98.76% |              |       0.2519 |              |          0.0005 |
|      22 |         880 |       00:34:51 |       98.95% |              |       0.1358 |              |          0.0005 |
|      23 |         900 |       00:35:44 |       98.97% |       98.66% |       0.1956 |       0.2446 |          0.0005 |
|      23 |         920 |       00:36:30 |       98.99% |              |       0.1738 |              |          0.0005 |
|      24 |         940 |       00:37:17 |       99.00% |              |       0.1739 |              |          0.0005 |
|      24 |         960 |       00:38:02 |       98.99% |              |       0.1739 |              |          0.0005 |
|      25 |         980 |       00:38:48 |       99.03% |              |       0.1848 |              |          0.0005 |
|      25 |        1000 |       00:39:40 |       99.02% |       98.55% |       0.1498 |       0.2540 |          0.0005 |
|      26 |        1020 |       00:40:27 |       98.50% |              |       0.2296 |              |          0.0005 |
|      26 |        1040 |       00:41:12 |       99.05% |              |       0.1956 |              |          0.0005 |
|      27 |        1060 |       00:41:59 |       98.87% |              |       0.1613 |              |          0.0005 |
|      27 |        1080 |       00:42:44 |       98.80% |              |       0.2547 |              |          0.0005 |
|      28 |        1100 |       00:43:38 |       98.86% |       98.59% |       0.1831 |       0.2403 |          0.0005 |
|      28 |        1120 |       00:44:23 |       98.76% |              |       0.1883 |              |          0.0005 |
|      29 |        1140 |       00:45:10 |       98.88% |              |       0.2475 |              |          0.0005 |
|      29 |        1160 |       00:45:55 |       98.79% |              |       0.1782 |              |          0.0005 |
