
img_size =

   216   256    16     1

Training UNet...
[Warning: MATLAB has disabled some advanced graphics rendering features by switching to software OpenGL. For more information, click <a href="matlab:opengl('problems')">here</a>.] 
Initializing input data normalization.
|======================================================================================================================|
|  Epoch  |  Iteration  |  Time Elapsed  |  Mini-batch  |  Validation  |  Mini-batch  |  Validation  |  Base Learning  |
|         |             |   (hh:mm:ss)   |   Accuracy   |   Accuracy   |     Loss     |     Loss     |      Rate       |
|======================================================================================================================|
|       1 |           1 |       00:00:11 |       31.34% |       33.54% |       0.9488 |       0.9370 |          0.0500 |
|       1 |          20 |       00:00:53 |       66.09% |              |       0.8979 |              |          0.0500 |
|       1 |          40 |       00:01:36 |       81.68% |              |       0.7722 |              |          0.0500 |
|       2 |          60 |       00:02:20 |       91.94% |              |       0.8429 |              |          0.0500 |
|       2 |          80 |       00:03:03 |       93.88% |              |       0.7700 |              |          0.0500 |
|       3 |         100 |       00:03:54 |       94.37% |       95.02% |       0.7659 |       0.6386 |          0.0500 |
|       3 |         120 |       00:04:38 |       95.53% |              |       0.4708 |              |          0.0500 |
|       4 |         140 |       00:05:22 |       97.18% |              |       0.3931 |              |          0.0500 |
|       4 |         160 |       00:06:06 |       96.47% |              |       0.5159 |              |          0.0500 |
|       5 |         180 |       00:06:51 |       96.83% |              |       0.4883 |              |          0.0500 |
|       5 |         200 |       00:07:40 |       98.45% |       97.13% |       0.2716 |       0.4513 |          0.0500 |
|       6 |         220 |       00:08:26 |       97.33% |              |       0.3833 |              |          0.0500 |
|       6 |         240 |       00:09:10 |       96.28% |              |       0.5552 |              |          0.0500 |
|       7 |         260 |       00:09:54 |       97.26% |              |       0.4223 |              |          0.0500 |
|       7 |         280 |       00:10:38 |       98.01% |              |       0.3487 |              |          0.0500 |
|       8 |         300 |       00:11:30 |       97.63% |       97.67% |       0.3776 |       0.3863 |          0.0500 |
|       8 |         320 |       00:12:14 |       96.58% |              |       0.5464 |              |          0.0500 |
|       9 |         340 |       00:12:59 |       97.84% |              |       0.2864 |              |          0.0500 |
|       9 |         360 |       00:13:43 |       97.75% |              |       0.2952 |              |          0.0500 |
|      10 |         380 |       00:14:28 |       97.67% |              |       0.3609 |              |          0.0500 |
|      10 |         400 |       00:15:18 |       98.28% |       97.36% |       0.2430 |       0.3829 |          0.0500 |
|      11 |         420 |       00:16:03 |       98.09% |              |       0.2796 |              |          0.0050 |
|      11 |         440 |       00:16:47 |       98.21% |              |       0.2489 |              |          0.0050 |
|      12 |         460 |       00:17:32 |       98.33% |              |       0.2489 |              |          0.0050 |
|      12 |         480 |       00:18:16 |       97.65% |              |       0.2934 |              |          0.0050 |
|      13 |         500 |       00:19:07 |       98.26% |       97.94% |       0.2356 |       0.3334 |          0.0050 |
|      13 |         520 |       00:19:51 |       98.18% |              |       0.2756 |              |          0.0050 |
|      14 |         540 |       00:20:36 |       97.43% |              |       0.2912 |              |          0.0050 |
|      14 |         560 |       00:21:20 |       98.72% |              |       0.1563 |              |          0.0050 |
|      15 |         580 |       00:22:05 |       97.28% |              |       0.3270 |              |          0.0050 |
|      15 |         600 |       00:22:55 |       98.16% |       98.01% |       0.3801 |       0.3078 |          0.0050 |
|      16 |         620 |       00:23:40 |       98.50% |              |       0.3074 |              |          0.0050 |
|      16 |         640 |       00:24:24 |       98.36% |              |       0.2725 |              |          0.0050 |
|      17 |         660 |       00:25:09 |       98.32% |              |       0.3088 |              |          0.0050 |
|      17 |         680 |       00:25:53 |       97.77% |              |       0.3102 |              |          0.0050 |
|      18 |         700 |       00:26:44 |       98.48% |       98.06% |       0.2886 |       0.3119 |          0.0050 |
|      18 |         720 |       00:27:28 |       98.46% |              |       0.2704 |              |          0.0050 |
|      19 |         740 |       00:28:13 |       97.92% |              |       0.3114 |              |          0.0050 |
|      19 |         760 |       00:28:57 |       98.53% |              |       0.2156 |              |          0.0050 |
|      20 |         780 |       00:29:42 |       98.34% |              |       0.3062 |              |          0.0050 |
|      20 |         800 |       00:30:32 |       98.31% |       98.04% |       0.2812 |       0.3143 |          0.0050 |
|      21 |         820 |       00:31:17 |       98.48% |              |       0.3204 |              |          0.0005 |
|      21 |         840 |       00:32:01 |       98.38% |              |       0.3056 |              |          0.0005 |
|      22 |         860 |       00:32:46 |       98.26% |              |       0.2938 |              |          0.0005 |
|      22 |         880 |       00:33:30 |       98.08% |              |       0.3486 |              |          0.0005 |
|      23 |         900 |       00:34:21 |       98.77% |       98.06% |       0.2435 |       0.3089 |          0.0005 |
|      23 |         920 |       00:35:05 |       97.78% |              |       0.3291 |              |          0.0005 |
|      24 |         940 |       00:35:50 |       98.44% |              |       0.2254 |              |          0.0005 |
|      24 |         960 |       00:36:34 |       98.56% |              |       0.2342 |              |          0.0005 |
|      25 |         980 |       00:37:19 |       97.77% |              |       0.3539 |              |          0.0005 |
|      25 |        1000 |       00:38:09 |       98.30% |       98.04% |       0.2692 |       0.3081 |          0.0005 |
|      26 |        1020 |       00:38:54 |       98.56% |              |       0.2183 |              |          0.0005 |
|      26 |        1040 |       00:39:38 |       98.55% |              |       0.2050 |              |          0.0005 |
|      27 |        1060 |       00:40:23 |       97.44% |              |       0.4345 |              |          0.0005 |
|      27 |        1080 |       00:41:06 |       98.61% |              |       0.1966 |              |          0.0005 |
|      28 |        1100 |       00:41:58 |       98.62% |       98.02% |       0.1865 |       0.3102 |          0.0005 |
|      28 |        1120 |       00:42:42 |       98.23% |              |       0.3278 |              |          0.0005 |
|      29 |        1140 |       00:43:27 |       97.82% |              |       0.2761 |              |          0.0005 |
|      29 |        1160 |       00:44:10 |       97.78% |              |       0.2923 |              |          0.0005 |
