Part a

T1 =

     3     8     7
     5     2     7
     1     5     6


T2 =

     9     4     5
     7     9     6
     7     6     3

T1
Start: [7, 5]

T1_start1 =

    3.2000    7.0000    7.0000
    3.2000    3.2000    7.0000
    3.2000    3.2000    7.0000

Cluster centers: [7.000000, 3.200000]
Start: [3, 8]

T1_start2 =

    3.2000    7.0000    7.0000
    3.2000    3.2000    7.0000
    3.2000    3.2000    7.0000

Cluster centers: [3.200000, 7.000000]
T2
Start: [7, 5]

T2_start1 =

    7.3333    4.0000    4.0000
    7.3333    7.3333    7.3333
    7.3333    7.3333    4.0000

Cluster centers: [7.333333, 4.000000]
Start: [3, 8]

T2_start2 =

    7.3333    4.0000    4.0000
    7.3333    7.3333    7.3333
    7.3333    7.3333    4.0000

Cluster centers: [4.000000, 7.333333]
